5386
152716
172245
797
324167
28290
82805
82207
19515
696
13739
95668
10093
145619
115387
130611
1773
257711
140628
243901
1317
257226
262229
129505
331987
59264
294
1916
599
383570
2511
135689
406
115387
1304
119565
1362
5347
1233
942
395
1600
908
177
1901
673
922
669
64758
36561
73682
463
1550
2685
470
334
1435
213454
12728
31052
1745
7849
1151
175
3597
1171
4599
143509
31052
1745
7849
1151
175
4528
1171
4599
5779
1928
9856
1332
2184
1260
1479
967
1361
5350
1237
941
1603
908
177
1909
673
923
668
91665
31052
1745
7849
1151
175
4528
1171
4599
5779
1928
9856
1332
2184
1260
1479
967
1361
5350
1237
941
1603
908
177
1909
673
923
668
91665
119057
10537
41661
2470
36801
2573
379
2928
129852
129118
220279
14202
4219
1745
7849
1151
234809
4219
1745
7849
1151
234809
230394
83001
121298
121298
92355
6755
1284
1295
2073
2096
1722
1786
6733
371
2403
168
2124
7748
3336
14983
1171
4599
143508
67903
126395
18780
50956
99
100485
140873
4480
1055
1013
82
5675
19427
122529
4271
11749
3115
11469
23861
1295
2073
2096
1722
1786
6733
371
2403
168
2124
7748
3336
12728
223
933
5675
4180
231
4734
33805
1295
2073
2096
1706
1786
6733
371
2403
168
2124
7748
3336
12728
1249
25200
22527
1295
2073
3884
1786
6733
371
4908
7748
3336
38061
223
933
5675
9467
9815
22548
1284
1295
2073
2096
1722
1786
6733
371
2403
2124
7748
3336
26997
4749
14910
264
308
210
498
2536
512
1990
668
127845
228645
3333
8361
4905
371
6755
1790
1724
135
18711
42104
1284
1295
2073
2096
1722
1786
49181
1722
1786
6733
371
4908
7748
3336
12728
19427
23861
1295
2073
3884
1786
6733
371
2600
2124
7748
3336
12728
43417
32
1295
2073
2096
1722
1786
6733
371
4908
7748
3336
46963
264
308
210
498
2536
512
21124
1229
231
4881
9815
172
10501
11549
1284
1295
2073
2096
1706
1786
6733
371
2600
2124
7748
3336
46963
264
308
210
498
2536
512
1873
10453
2103
2104
10453
2103
2104
688
20341
2543
1971
851
1022
99
1357
2103
463
1552
2684
470
334
10803
12862
1295
2073
2096
1706
1786
6733
371
2600
2124
7748
3336
12728
23861
1295
2073
2096
1722
1786
6733
371
2403
2476
7748
3336
12728
23861
1295
2073
2096
1722
1786
6733
371
2600
2124
7748
3336
12728
23861
1295
2073
2096
1706
1786
6733
371
2600
2124
7748
3336
12728
463
1552
2684
470
334
3147
600
11549
2763
2073
2096
1722
1786
6733
371
2600
2124
7748
3336
46963
264
308
210
498
2536
512
1990
387092
719
195324
118209
77938
941
118209
77938
941
155145
188118
14098
164
512
2544
498
210
308
264
13930
3333
8361
2125
2596
371
6755
1790
1708
2100
2074
1295
12848
10807
13930
3333
8361
2125
2596
371
6755
1790
1724
2100
2074
1295
1284
7764
3553
30370
5674
932
13930
3333
8361
4905
371
6755
1790
1724
2100
2074
2763
11535
30370
5674
2438
181309
1986
514
3335
19851
73297
1599
97280
18309
27716
6755
1790
1724
2100
2074
1295
1284
22538
14701
4561
5674
932
17208
33035
1972
12615
5470
334
334
470
2650
4347
1357
99
1755
25104
673
1901
177
908
1599
395
941
334
470
2650
4347
1357
99
1755
25104
673
1901
177
908
1599
395
941
