Feature distributions by group (mean ± std):
feature                       real   ep_impure      dna_fp fp_multifam fp_oversize   fp_allele
----------------------------------------------------------------------------------------------
n_members              10.46±8.45 41.08±20.88 32.00±9.03 35.00±10.00 32.00±0.00 26.00±0.00
n_chrom                 1.04±0.33  1.31±1.04  1.00±0.00  1.00±0.00  1.00±0.00  1.00±0.00
same_chrom_pairs       82.25±153.98936.61±1337.66530.00±321.66632.50±361.13496.00±0.00325.00±0.00
mean_recip_overlap      0.50±0.17  0.47±0.18  0.50±0.14  0.51±0.15  0.72±0.00  0.48±0.18
max_recip_overlap       0.91±0.22  1.00±0.00  1.00±0.00  1.00±0.00  1.00±0.00  1.00±0.00
strand_majority         0.97±0.10  0.92±0.14  1.00±0.00  1.00±0.00  1.00±0.00  1.00±0.00
mean_n_exons            9.34±5.30 15.93±6.81 17.40±8.61 20.73±8.87 20.59±0.00 10.75±1.27
mean_pair_mult          6.60±5.66 22.80±11.80 20.20±7.46 23.42±6.53 29.19±0.00 13.75±5.03
median_pair_mult        7.17±6.38 24.66±12.29 22.83±8.30 26.00±7.83 34.00±0.00 16.50±6.36
max_pair_mult           9.75±9.11 35.08±18.31 28.83±11.55 33.50±10.34 37.00±0.00 19.50±9.19
pair_hub_frac           0.01±0.08  0.21±0.30  0.19±0.30  0.29±0.34  0.63±0.00  0.00±0.00
mean_repeat_frac        0.31±0.11  0.32±0.09  0.29±0.11  0.28±0.14  0.44±0.00  0.31±0.09


Threshold-separation tables:

n_members:
   threshold  flagged  real_lost  ep_lost  fp_lost  precision
     14.6000     1146       1082       61        6      0.058
     21.4000      534        470       61        6      0.125
     28.2000      251        205       44        3      0.187
     38.4000       71         48       22        1      0.324
     48.6000       33         20       13        0      0.394
     56.2000       15          8        7        0      0.467
     74.2000        6          1        5        0      0.833
    137.0000        1          0        1        0      1.000

n_chrom:
   threshold  flagged  real_lost  ep_lost  fp_lost  precision
      1.8000      155        149        6        0      0.039
      2.7000       27         22        5        0      0.185
      3.6000       11          7        4        0      0.364
      4.9500        9          6        3        0      0.333
      7.2000        2          2        0        0      0.000
     10.6000        1          1        0        0      0.000
     13.0000        1          1        0        0      0.000

same_chrom_pairs:
   threshold  flagged  real_lost  ep_lost  fp_lost  precision
     49.8000     1730       1666       61        6      0.039
     81.7000     1245       1181       61        6      0.054
    136.8000      804        740       61        6      0.083
    319.6500      350        292       55        5      0.171
    579.9000      105         75       29        2      0.295
    886.2000       40         25       14        1      0.375
   1384.9000       16          8        8        0      0.500
   9316.0000        1          0        1        0      1.000

mean_recip_overlap:
   threshold  flagged  real_lost  ep_lost  fp_lost  precision
      0.3514     3819       3771       46        5      0.013
      0.4063     3321       3282       38        4      0.013
      0.4534     2772       2738       33        3      0.013
      0.5262     1994       1971       22        2      0.012
      0.6050     1254       1239       14        2      0.013
      0.6646      782        774        7        1      0.010
      0.7416      352        348        4        0      0.011
      0.9999        1          1        0        0      0.000

max_recip_overlap:
   threshold  flagged  real_lost  ep_lost  fp_lost  precision
      0.3818     4353       4289       61        6      0.015
      0.4831     4232       4168       61        6      0.016
      0.7238     4116       4052       61        6      0.016
      0.8872     3931       3867       61        6      0.017
      0.9547     3721       3657       61        6      0.018
      0.9750     3563       3499       61        6      0.019
      0.9886     3318       3254       61        6      0.020
      1.0000      943        905       36        2      0.040

strand_majority:
   threshold  flagged  real_lost  ep_lost  fp_lost  precision
      0.6133     4487       4426       58        6      0.014
      0.6562     4458       4399       56        6      0.014
      0.7213     4359       4303       53        6      0.014
      0.7876     4277       4225       49        6      0.013
      0.8667     4192       4142       47        6      0.013
      0.9111     4147       4100       44        6      0.012
      0.9500     4107       4062       42        6      0.012
      1.0000     4086       4042       41        6      0.012

mean_n_exons:
   threshold  flagged  real_lost  ep_lost  fp_lost  precision
      7.1140     2743       2682       58        6      0.023
      8.6860     2164       2104       57        6      0.029
     10.3960     1597       1544       50        5      0.034
     12.7960     1022        979       41        4      0.044
     15.6880      574        547       26        2      0.049
     17.9580      339        326       12        2      0.041
     21.7780      143        133       10        1      0.077
     46.7700        1          1        0        0      0.000

mean_pair_mult:
   threshold  flagged  real_lost  ep_lost  fp_lost  precision
      4.2700     2645       2581       61        6      0.025
      5.7700     1979       1915       61        6      0.034
      7.3000     1502       1440       59        6      0.043
      9.7550      959        897       59        6      0.068
     12.7000      557        499       56        5      0.110
     15.6700      335        286       47        4      0.152
     20.2400      151        120       29        3      0.212
     77.4400        1          1        0        0      0.000

median_pair_mult:
   threshold  flagged  real_lost  ep_lost  fp_lost  precision
     11.6000      830        769       58        6      0.077
     17.4000      311        264       45        4      0.158
     23.2000      126         96       28        3      0.246
     31.9000       56         44       11        1      0.214
     40.6000       22         16        6        0      0.273
     47.8000       11          8        3        0      0.273
     62.2000        5          4        1        0      0.200
     94.0000        1          1        0        0      0.000

max_pair_mult:
   threshold  flagged  real_lost  ep_lost  fp_lost  precision
     13.4000     1086       1024       60        5      0.060
     19.6000      507        447       58        5      0.124
     25.8000      263        220       41        4      0.171
     35.1000      100         79       20        2      0.220
     45.4000       45         32       13        1      0.311
     51.6000       24         17        7        0      0.292
     68.6000       12          8        4        0      0.333
    132.0000        7          6        1        0      0.143

pair_hub_frac:
   threshold  flagged  real_lost  ep_lost  fp_lost  precision
      0.1226      136        110       25        2      0.199
      0.1884      119         93       25        2      0.227
      0.2554      102         81       20        2      0.216
      0.4031       77         61       15        2      0.221
      0.6091       51         40       10        1      0.216
      0.6824       34         27        7        0      0.206
      0.7756       17         13        4        0      0.235
      0.9375        1          1        0        0      0.000

mean_repeat_frac:
   threshold  flagged  real_lost  ep_lost  fp_lost  precision
      0.1989     3902       3846       53        5      0.015
      0.2390     3439       3388       48        5      0.015
      0.2740     2914       2871       41        3      0.015
      0.3241     2018       1979       37        2      0.019
      0.3763     1203       1186       16        1      0.014
      0.4164      737        724       12        1      0.018
      0.4691      326        324        2        0      0.006
      0.6698        1          1        0        0      0.000
