chrom           def_fsm flag_fsm    net  losses peakGB
NC_011120.1           2        2      0       0    0.0
NC_073224.2        2369     2375      6       0    2.1
NC_073227.2        1023     1024      1       0    1.3
NC_073228.2        1794     1797      3       0    1.7
NC_073229.2        1230     1231      1       0    1.4
NC_073230.2        1088     1090      2       0    1.4
NC_073231.2         909      909      0       0    1.1
NC_073232.2        1038     1038      0       0    1.2
NC_073233.2        1300     1303      3       0    1.3
NC_073234.2        1281     1288      7       0    1.3
NC_073235.2         908      909      1       0    1.2
NC_073236.2         850      853      3       0    1.1
NC_073237.2         996      997      1       1    1.2
NC_073238.2         503      503      0       0    0.9
NC_073239.2         884      886      2       0    1.0
NC_073240.2         787      787      0       0    1.0
NC_073241.2         373      373      0       0    0.8
NC_073242.2        1013     1015      2       0    1.0
NC_073243.2         637      637      0       0    0.9
NC_073244.2        1430     1435      5       0    0.8
NC_073245.2         603      605      2       0    0.7
NC_073246.2         263      265      2       0    0.5
NC_073247.2        1036     1036      0       1    1.0
NC_073248.2          82       82      0       0    0.2
NC_086017.1        1422     1428      6       0    1.6
NC_086018.1         553      554      1       0    0.7
TOTAL             24374    24422     48       2
